Enter in sides of die: 
Enter in num of die: 
How many rolls? 
0	2
1	11
2	7
3	7
4	7
5	11
6	8
7	9
8	5
9	5
10	7
11	7
12	10
13	10
14	7
15	7
16	12
17	10
18	7
19	4
20	7
21	7
22	8
23	8
24	4
25	9
26	2
27	6
28	10
29	4
30	8
31	5
32	7
33	11
34	6
35	5
36	7
37	5
38	8
39	8
40	5
41	7
42	9
43	6
44	2
45	5
46	5
47	7
48	5
49	5

--------------------

Sum	Freq
2	3
3	0
4	3
5	10
6	3
7	14
8	6
9	3
10	4
11	3
12	1

--------------------

Average is: 6.88
Standard Deviation is: 2.32929

Highest Value: 12
Lowest Value: 2

--------------------

